0x8001  # type 0x8001 = analog
9       # number of zeros
20      # number of poles

# zeros
 0.00000E+00,  0.00000E+00
 0.00000E+00,  0.00000E+00
-1.71092E+00,  0.00000E+00
-4.68870E+01,  0.00000E+00
-8.83469E+01,  0.00000E+00
-1.08846E+02, -2.79317E+01
-1.08846E+02,  2.79317E+01
-9.40128E+02, -5.42878E+02
-9.40128E+02,  5.42878E+02

# poles
-5.88900E-03, -5.88900E-03
-5.88900E-03,  5.88900E-03
-1.74275E+00,  0.00000E+00
-1.56672E+01, -7.04738E+01
-1.56672E+01,  7.04738E+01
-8.86175E+01, -9.55725E+00
-8.86175E+01,  9.55725E+00
-2.21385E+02,  0.00000E+00
-7.85589E+02, -7.50097E+02
-7.85589E+02,  7.50097E+02
-9.91058E+02,  0.00000E+00
-1.09960E+03, -1.46550E+03
-1.09960E+03,  1.46550E+03
-4.06000E+01,  0.00000E+00
-4.83000E+01,  1.29271E+01
-4.83000E+01, -1.29271E+01
-3.53554E+01,  3.53553E+01
-3.53554E+01, -3.53553E+01
-1.29400E+01,  4.82965E+01
-1.29400E+01, -4.82965E+01
