0x4004  # type 0x4004 = asymmetric FIR
65      # number of coefficients
 4.1610 # group delay

 1.31549E-11
 1.50107E-04
 1.33968E-02
 1.64429E-01
 5.68809E-01
 5.17383E-01
-2.60836E-01
-1.22033E-01
 2.57181E-01
-2.02903E-01
 7.07588E-02
 3.87967E-02
-1.14313E-01
 1.35480E-01
-1.11447E-01
 6.70548E-02
-1.92712E-02
-2.09313E-02
 4.76806E-02
-5.93383E-02
 5.75793E-02
-4.62333E-02
 2.97771E-02
-1.24829E-02
-2.36608E-03
 1.27882E-02
-1.84698E-02
 1.87973E-02
-1.71387E-02
 1.27820E-02
-7.67579E-03
 3.25516E-03
-8.94756E-05
-1.77876E-03
 2.59604E-03
-2.66617E-03
 2.30740E-03
-1.77052E-03
 1.21864E-03
-7.46049E-04
 3.92175E-04
-1.58366E-04
 2.43780E-05
 3.80757E-05
-5.61805E-05
 5.15277E-05
-3.85647E-05
 2.53029E-05
-1.51246E-05
 8.73980E-06
-4.64812E-06
 1.37628E-06
 7.04206E-07
 2.24187E-07
-1.25103E-06
 1.06677E-07
 2.64288E-07
 3.22664E-07
-8.07416E-08
-1.09905E-07
-3.32520E-08
 1.38851E-08
 1.05627E-08
 2.57791E-09
-7.01862E-10
