0x4004  # type 0x4004 = asymmetric FIR
67      # number of coefficients
32.6090 # group delay

-3.65342E-17
 3.67488E-08
-4.27060E-07
 1.14502E-06
-1.87594E-07
-3.37274E-07
 2.78747E-06
-3.74403E-06
 5.41172E-06
 7.47336E-06
-5.17759E-04
 2.10677E-04
 4.63258E-05
-6.08222E-04
 1.44175E-03
-2.40627E-03
 3.22534E-03
-3.50639E-03
 2.81441E-03
-7.71971E-04
-2.80512E-03
 7.77805E-03
-1.35815E-02
 1.91765E-02
-2.29704E-02
 2.40398E-02
-2.20986E-02
 8.60734E-03
 1.17525E-02
-4.47787E-02
 9.64923E-02
-1.91755E-01
 5.27652E-01
 7.24167E-01
-1.56905E-01
 4.42574E-02
 3.14168E-03
-2.66714E-02
 3.61532E-02
-3.85687E-02
 3.10842E-02
-2.35259E-02
 1.53211E-02
-7.40398E-03
 1.09645E-03
 3.09797E-03
-5.19320E-03
 5.56131E-03
-4.76110E-03
 3.38213E-03
-1.92052E-03
 7.15218E-04
 7.67719E-05
-4.51897E-04
 5.02700E-04
-5.65037E-04
-5.56800E-05
 1.57736E-05
-1.41985E-06
 8.14909E-07
 6.80795E-07
-1.25273E-06
 1.52435E-06
-2.83336E-07
-1.06384E-08
 1.25712E-09
-5.42954E-11
